0.000000000000000000e+00,0.000000000000000000e+00,0.000000000000000000e+00,0.000000000000000000e+00,0.000000000000000000e+00,0.000000000000000000e+00,0.000000000000000000e+00,0.000000000000000000e+00
1.179942057852211984e-01,1.179859171956583602e-01,2.702264551715817253e-01,1.179888102263737665e-01,1.387781192456422619e-01,1.179861957520700333e-01,1.190402966234527377e-01,1.000000000000000000e+00
1.157493637822237659e-01,1.157493211934037397e-01,2.997696977063626922e-01,1.157493631001210166e-01,1.213347677614442233e-01,1.157493215794144215e-01,1.158981648770300993e-01,1.000000000000000000e+00
1.428571428571428492e-01,1.428571428571428492e-01,1.428571428571428492e-01,1.428571428571428492e-01,1.428571428571428492e-01,1.428571428571428492e-01,1.428571428571428492e-01,0.000000000000000000e+00
1.428571428571428492e-01,1.428571428571428492e-01,1.428571428571428492e-01,1.428571428571428492e-01,1.428571428571428492e-01,1.428571428571428492e-01,1.428571428571428492e-01,0.000000000000000000e+00
1.428571428571428492e-01,1.428571428571428492e-01,1.428571428571428492e-01,1.428571428571428492e-01,1.428571428571428492e-01,1.428571428571428492e-01,1.428571428571428492e-01,0.000000000000000000e+00
1.160700814786833623e-01,1.160691400728508932e-01,2.959248779710964006e-01,1.160746252300117881e-01,1.233980392209890059e-01,1.160691679065886800e-01,1.163940681197799254e-01,1.000000000000000000e+00
1.175944302163708099e-01,1.175792729948430537e-01,2.763895238690381451e-01,1.175880304043916968e-01,1.338925208226564301e-01,1.175807936893071698e-01,1.193754280033926807e-01,1.000000000000000000e+00
1.197216801633037703e-01,1.196233091275869381e-01,2.419279627986235803e-01,1.196414961728171772e-01,1.573422028224183422e-01,1.196319735210885776e-01,1.221113753941616836e-01,1.000000000000000000e+00
1.199672094088332364e-01,1.199027087313479512e-01,2.355451113585018130e-01,1.199196230309293315e-01,1.621966666798448642e-01,1.199115141194721929e-01,1.225571666710705693e-01,1.000000000000000000e+00
1.200721958325878941e-01,1.199956315306398569e-01,2.329011212717058410e-01,1.200044316387115090e-01,1.646125887055164827e-01,1.200036966431475838e-01,1.224103343776908881e-01,1.000000000000000000e+00
1.199621185630735803e-01,1.198977774558550730e-01,2.347265133249184510e-01,1.199068938106238463e-01,1.639021462873523627e-01,1.199041823069125906e-01,1.217003682512640683e-01,1.000000000000000000e+00
1.199821511514057165e-01,1.199189959377680720e-01,2.345961251799875968e-01,1.199278601009789030e-01,1.635616957597307297e-01,1.199233154978303628e-01,1.220898563722985358e-01,1.000000000000000000e+00
1.183265791357347024e-01,1.183105760546934032e-01,2.654262534150323427e-01,1.183146302128584709e-01,1.413311202324782634e-01,1.183119326147454159e-01,1.199789083344572627e-01,1.000000000000000000e+00
1.166564932136074650e-01,1.166524868778559820e-01,2.886157158255130972e-01,1.166541108688929629e-01,1.276877063647311183e-01,1.166527441203335791e-01,1.170807427290657260e-01,1.000000000000000000e+00
1.149769566598376203e-01,1.149765856847622114e-01,3.087194761394080333e-01,1.149768002525460853e-01,1.162725768077083888e-01,1.149766115813044276e-01,1.151009928744332611e-01,1.000000000000000000e+00
1.191702393928356501e-01,1.191433513835006008e-01,2.519702643638943584e-01,1.191543382192011558e-01,1.490269616738377767e-01,1.191484930114492524e-01,1.223863519552812890e-01,1.000000000000000000e+00
