0.000000000000000000e+00,0.000000000000000000e+00,0.000000000000000000e+00,0.000000000000000000e+00,0.000000000000000000e+00,0.000000000000000000e+00,0.000000000000000000e+00,0.000000000000000000e+00
9.602342644794133186e-02,9.602295310940477113e-02,2.587408341224821107e-01,9.610245175098627857e-02,9.721242074794671228e-02,9.602344093402936931e-02,2.598744728872094956e-01,2.000000000000000000e+00
1.148526829737641919e-01,1.148526774160238684e-01,3.101093353175677914e-01,1.148526900210852103e-01,1.155582576626746349e-01,1.148526774971329462e-01,1.149216791117512598e-01,1.000000000000000000e+00
1.428571428571428492e-01,1.428571428571428492e-01,1.428571428571428492e-01,1.428571428571428492e-01,1.428571428571428492e-01,1.428571428571428492e-01,1.428571428571428492e-01,0.000000000000000000e+00
1.428571428571428492e-01,1.428571428571428492e-01,1.428571428571428492e-01,1.428571428571428492e-01,1.428571428571428492e-01,1.428571428571428492e-01,1.428571428571428492e-01,0.000000000000000000e+00
1.170022348037832727e-01,1.170017170187674649e-01,2.839931608050567102e-01,1.170027092579960654e-01,1.307267864816215597e-01,1.170017256769942532e-01,1.172716659557806324e-01,1.000000000000000000e+00
1.153886892819602494e-01,1.153872280949943263e-01,3.040303151548756633e-01,1.153883970094920497e-01,1.188149975545867293e-01,1.153872792825535454e-01,1.156030936215374783e-01,1.000000000000000000e+00
1.162681882701038366e-01,1.162672425584632407e-01,2.934746019956211427e-01,1.162680910908999721e-01,1.249104012693264404e-01,1.162672678590150055e-01,1.165442069565704591e-01,1.000000000000000000e+00
1.151013452455353775e-01,1.151012724124084174e-01,3.073110433438442368e-01,1.151015415450454271e-01,1.169568513957859740e-01,1.151012759444267897e-01,1.153266701129539162e-01,1.000000000000000000e+00
1.149442608374316444e-01,1.149354001092632582e-01,3.091829056967023703e-01,1.149373846119702419e-01,1.160159398646937318e-01,1.149358045547808627e-01,1.150483043251578213e-01,1.000000000000000000e+00
1.157157458295312025e-01,1.157153749735577719e-01,3.001948735361736897e-01,1.157160894481561175e-01,1.207853744345728092e-01,1.157153908291451566e-01,1.161571509488631970e-01,1.000000000000000000e+00
1.152907270051509725e-01,1.152898846198911476e-01,3.051624704554316003e-01,1.152917551972171273e-01,1.179418627939986530e-01,1.152899297751777408e-01,1.157333701531328141e-01,1.000000000000000000e+00
1.163737453525231363e-01,1.163706333629391382e-01,2.921924076239719725e-01,1.163748862571030579e-01,1.255927553183392720e-01,1.163707525652361713e-01,1.167248195198872796e-01,1.000000000000000000e+00
1.162884141553662681e-01,1.162814179771489570e-01,2.933886106318321363e-01,1.162861994474214400e-01,1.241262969393164134e-01,1.162820357021444595e-01,1.173470251467703118e-01,1.000000000000000000e+00
1.164049764820042909e-01,1.164000781516077582e-01,2.919806972180694626e-01,1.164168558710894918e-01,1.242556480781299433e-01,1.164004993210523420e-01,1.181412448780466001e-01,1.000000000000000000e+00
1.182918672123734888e-01,1.182880944900458475e-01,2.652692747284046693e-01,1.182894189411608371e-01,1.428565698315061028e-01,1.182881737109708481e-01,1.187166010855381093e-01,1.000000000000000000e+00
1.148174278068151560e-01,1.148172100674510476e-01,3.105055750922671165e-01,1.148178055605197506e-01,1.153012691083716984e-01,1.148172196689344754e-01,1.149234926956407693e-01,1.000000000000000000e+00
1.148241682394929158e-01,1.148239393455204038e-01,3.104306517879725225e-01,1.148243734513222092e-01,1.153168243964776268e-01,1.148239499136465280e-01,1.149560928655677661e-01,1.000000000000000000e+00
1.162415073504267371e-01,1.162411036084757404e-01,2.937912068377455110e-01,1.162424317501296323e-01,1.247928544556236863e-01,1.162411112024113041e-01,1.164497847951871529e-01,1.000000000000000000e+00
1.155907779036396826e-01,1.155902368493448573e-01,3.016832375952436807e-01,1.155923258168969348e-01,1.197194017718609949e-01,1.155902694484692295e-01,1.162337506145446619e-01,1.000000000000000000e+00
1.157399842231973119e-01,1.157399783784387876e-01,2.998931307347131314e-01,1.157415364628778254e-01,1.210983622294301704e-01,1.157399784565878303e-01,1.160470295147549014e-01,1.000000000000000000e+00
1.152217397495714085e-01,1.152160569237187654e-01,3.060037993274354884e-01,1.152255705989137791e-01,1.176442013051576391e-01,1.152163859438737059e-01,1.154722461513291720e-01,1.000000000000000000e+00
1.155852917312157335e-01,1.155840877693070229e-01,3.017580054163826464e-01,1.155870254374532918e-01,1.196212055566435173e-01,1.155841472801412001e-01,1.162802368088565186e-01,1.000000000000000000e+00
1.154223438521524148e-01,1.154222387541465750e-01,3.036231370874447055e-01,1.154229364259628660e-01,1.190640921797562618e-01,1.154222409733993981e-01,1.156230107271377233e-01,1.000000000000000000e+00
1.151389605865597437e-01,1.151388742248200397e-01,3.068841648045945170e-01,1.151408555079592166e-01,1.171687669582004293e-01,1.151388772847770636e-01,1.153895006330889761e-01,1.000000000000000000e+00
1.187828458872168397e-01,1.187016847500370759e-01,2.594405338766275215e-01,1.187252849173432850e-01,1.443971284576216485e-01,1.187113110609075983e-01,1.212412110502459617e-01,1.000000000000000000e+00
1.147639093423418882e-01,1.147638333937194277e-01,3.110996756188483814e-01,1.147639523857911931e-01,1.149671259808061757e-01,1.147638361766483012e-01,1.148776671018447854e-01,1.000000000000000000e+00
1.156409643093987277e-01,1.156379770929722162e-01,3.011309994235329413e-01,1.156606401668023448e-01,1.164274429492345858e-01,1.156382858910714184e-01,1.198636901669878491e-01,1.000000000000000000e+00
1.428571428571428492e-01,1.428571428571428492e-01,1.428571428571428492e-01,1.428571428571428492e-01,1.428571428571428492e-01,1.428571428571428492e-01,1.428571428571428492e-01,0.000000000000000000e+00
1.156997199421295613e-01,1.156052073660890633e-01,3.015344377852476332e-01,1.156245137716623850e-01,1.200527016750704001e-01,1.156085553806193433e-01,1.158748640791816692e-01,1.000000000000000000e+00
1.150501174766596080e-01,1.150489783567406610e-01,3.079032367866266218e-01,1.150490151749275214e-01,1.152416922787511677e-01,1.150490033435615095e-01,1.166579565827327997e-01,1.000000000000000000e+00
1.200998287598499942e-01,1.200958387320645165e-01,1.680736107928215151e-01,1.201001333725623399e-01,1.220821471786660145e-01,1.200980003900335713e-01,2.294504407740019791e-01,1.000000000000000000e+00
1.163837884341605983e-01,1.163836979609947780e-01,2.921784825386055662e-01,1.163838702890483134e-01,1.241996412181908954e-01,1.163837256152316646e-01,1.180867939437682118e-01,1.000000000000000000e+00
1.147056307961252103e-01,1.147056307250053780e-01,3.117452370619172575e-01,1.147056310317299543e-01,1.147222258920330556e-01,1.147056307455004420e-01,1.147100137476886189e-01,1.000000000000000000e+00
1.203126565500333561e-01,1.203125004428720751e-01,1.782576088414848658e-01,1.203130254725876397e-01,1.209827333855668235e-01,1.203128393231756438e-01,2.195086359842795820e-01,1.000000000000000000e+00
1.147209951466210964e-01,1.147209434391174426e-01,3.115755701441899062e-01,1.147236349021930196e-01,1.148158974887359962e-01,1.147209533764368128e-01,1.147220055027056845e-01,1.000000000000000000e+00
1.150984727506491334e-01,1.150984357301583633e-01,3.073510601407904441e-01,1.150984526934084179e-01,1.158299426934447790e-01,1.150984429760358724e-01,1.164251930155130732e-01,1.000000000000000000e+00
1.208297458496573329e-01,1.208281407267526864e-01,1.925258465858864232e-01,1.208307830352384482e-01,1.251446634251306700e-01,1.208291076239458028e-01,1.990117127533887198e-01,1.000000000000000000e+00
1.151726559439015529e-01,1.151624188023290113e-01,3.066271327057429330e-01,1.151706510795855593e-01,1.166966457964450643e-01,1.151637101503007882e-01,1.160067855216949523e-01,1.000000000000000000e+00
1.176836417202170582e-01,1.176374273377193275e-01,2.760927022143199738e-01,1.179461558568996732e-01,1.312955852806760859e-01,1.176412750138244173e-01,1.217032125763434364e-01,1.000000000000000000e+00
1.155517607565161448e-01,1.155434194115245589e-01,3.022502898280158279e-01,1.155505560912057084e-01,1.189105030831660165e-01,1.155445681113107526e-01,1.166489027182609356e-01,1.000000000000000000e+00
1.151622309882386619e-01,1.151622303306376188e-01,3.066107146224824054e-01,1.151622546769004163e-01,1.151714679713147366e-01,1.151622319396437694e-01,1.175688694707823223e-01,1.000000000000000000e+00
1.155312027516560841e-01,1.155310296713070867e-01,3.023759005888873586e-01,1.155350088410162929e-01,1.161613315663984070e-01,1.155312782633293456e-01,1.193342483174053975e-01,1.000000000000000000e+00
1.197992006949558791e-01,1.197989047420444653e-01,1.638065532439137439e-01,1.197991088164179763e-01,1.207873567345360694e-01,1.197990488436939255e-01,2.362098269244378990e-01,1.000000000000000000e+00
1.153022561430977200e-01,1.152846412872827048e-01,3.052124561865444674e-01,1.152857372262427599e-01,1.182146570278031633e-01,1.152850643532619818e-01,1.154151877757671196e-01,1.000000000000000000e+00
1.170210681908714495e-01,1.170006675305272498e-01,2.846536104538556766e-01,1.170011722476750199e-01,1.240024118531064673e-01,1.170013243874873932e-01,1.233197453364767160e-01,1.000000000000000000e+00
1.221470510993642733e-01,1.221409122621743837e-01,1.734558655854803733e-01,1.222101053327642045e-01,1.716277979013490218e-01,1.221413536524267179e-01,1.662769141664409978e-01,1.000000000000000000e+00
1.173767581499700480e-01,1.173732378067719601e-01,2.792574729354613816e-01,1.173750403035828949e-01,1.320963997323906514e-01,1.173734209437702486e-01,1.191476701280528155e-01,1.000000000000000000e+00
1.195943740320443427e-01,1.195155085839103293e-01,2.489791258868657431e-01,1.205178943531599600e-01,1.330138953201538687e-01,1.195248927723390753e-01,1.388543090515267087e-01,1.000000000000000000e+00
1.186010789650408653e-01,1.185751945702478855e-01,2.612520169497156708e-01,1.185844528713042301e-01,1.439063211239379469e-01,1.185767461215044699e-01,1.205041893982490425e-01,1.000000000000000000e+00
1.151698425951605681e-01,1.151692251346036200e-01,3.065346433902630396e-01,1.151695217296916651e-01,1.174921442847875058e-01,1.151692416513213774e-01,1.152953812141722933e-01,1.000000000000000000e+00
1.165352593563735162e-01,1.165344843472562730e-01,2.901905475059766704e-01,1.165362545494483537e-01,1.262676127623289790e-01,1.165345414247581091e-01,1.174013000538581958e-01,1.000000000000000000e+00
1.149356176969322657e-01,1.149348449472647332e-01,3.091903725055939467e-01,1.149356970800971961e-01,1.159030646768410278e-01,1.149348888405593433e-01,1.151655142527114456e-01,1.000000000000000000e+00
1.150299946644823823e-01,1.150299477417040944e-01,3.081171465857039937e-01,1.150302902760618612e-01,1.166068347945723310e-01,1.150299488047851204e-01,1.151558371326902031e-01,1.000000000000000000e+00
1.156534894400021024e-01,1.156495598283889259e-01,3.009687748678339103e-01,1.156530335225214035e-01,1.204220313375669871e-01,1.156497608112293379e-01,1.160033501924571803e-01,1.000000000000000000e+00
1.149535213789330823e-01,1.149430562857875482e-01,3.090968298603863351e-01,1.149438410558560886e-01,1.160648013681971208e-01,1.149433086076701027e-01,1.150546414431697084e-01,1.000000000000000000e+00
1.147921254657462142e-01,1.147827563992515482e-01,3.108893401898625841e-01,1.147829465761605189e-01,1.150638332683290854e-01,1.147829198263434630e-01,1.149060782743065723e-01,1.000000000000000000e+00
1.150106868163115470e-01,1.149656731284221384e-01,3.088434938221183423e-01,1.149664955545845468e-01,1.161463006106554646e-01,1.149668569428369397e-01,1.151004931250710350e-01,1.000000000000000000e+00
1.148512099709429052e-01,1.148328224990113888e-01,3.103314023279254985e-01,1.148332422812930464e-01,1.154093609419035299e-01,1.148331244371389864e-01,1.149088375417845614e-01,1.000000000000000000e+00
1.428571428571428492e-01,1.428571428571428492e-01,1.428571428571428492e-01,1.428571428571428492e-01,1.428571428571428492e-01,1.428571428571428492e-01,1.428571428571428492e-01,0.000000000000000000e+00
1.428571428571428492e-01,1.428571428571428492e-01,1.428571428571428492e-01,1.428571428571428492e-01,1.428571428571428492e-01,1.428571428571428492e-01,1.428571428571428492e-01,0.000000000000000000e+00
1.147311528055923041e-01,1.147300942413557734e-01,3.114741327945803051e-01,1.147313166439237059e-01,1.148542662377124296e-01,1.147301702989169253e-01,1.147488669779186121e-01,1.000000000000000000e+00
1.154140651500381171e-01,1.154123276239591156e-01,3.037472976936850810e-01,1.154130819684728304e-01,1.187907494814853804e-01,1.154123890346535758e-01,1.158100890477058581e-01,1.000000000000000000e+00
1.178882316558610005e-01,1.177536092350194574e-01,2.739573383726263134e-01,1.177581605628554434e-01,1.352269507298969053e-01,1.177741421433470548e-01,1.196415673003937974e-01,1.000000000000000000e+00
1.166864339982907617e-01,1.166802088372685398e-01,2.884413069838535071e-01,1.166824859604775610e-01,1.264407094242158414e-01,1.166807094389565869e-01,1.183881453569370218e-01,1.000000000000000000e+00
